function J = compute_Jacobian(X_0)

x1=X_0(1);
y1=X_0(2);
x6=X_0(3);
y6=X_0(4);
x9=X_0(5);
y9=X_0(6);
x15=X_0(7);
y15=X_0(8);
w1=X_0(9);
w6=X_0(10);
w9=X_0(11);
w15=X_0(12);

J =[    (2*x1 - 2*x6)/(2*((x1 - x6)^2 + (y1 - y6)^2)^(1/2)),    (2*y1 - 2*y6)/(2*((x1 - x6)^2 + (y1 - y6)^2)^(1/2)),   -(2*x1 - 2*x6)/(2*((x1 - x6)^2 + (y1 - y6)^2)^(1/2)), -(2*y1 - 2*y6)/(2*((x1 - x6)^2 + (y1 - y6)^2)^(1/2)),                                                          0,                                                      0,                                                         0,                                                       0,  0,  0,  0,  0;
        (2*x1 - 2*x9)/(2*((x1 - x9)^2 + (y1 - y9)^2)^(1/2)),    (2*y1 - 2*y9)/(2*((x1 - x9)^2 + (y1 - y9)^2)^(1/2)),                                                      0,                                                    0,       -(2*x1 - 2*x9)/(2*((x1 - x9)^2 + (y1 - y9)^2)^(1/2)),   -(2*y1 - 2*y9)/(2*((x1 - x9)^2 + (y1 - y9)^2)^(1/2)),                                                         0,                                                       0,  0,  0,  0,  0;
                                                          0,                                                      0,    (2*x6 - 2*x9)/(2*((x6 - x9)^2 + (y6 - y9)^2)^(1/2)),  (2*y6 - 2*y9)/(2*((x6 - x9)^2 + (y6 - y9)^2)^(1/2)),       -(2*x6 - 2*x9)/(2*((x6 - x9)^2 + (y6 - y9)^2)^(1/2)),   -(2*y6 - 2*y9)/(2*((x6 - x9)^2 + (y6 - y9)^2)^(1/2)),                                                         0,                                                       0,  0,  0,  0,  0;
     (2*x1 - 2*x15)/(2*((x1 - x15)^2 + (y1 - y15)^2)^(1/2)), (2*y1 - 2*y15)/(2*((x1 - x15)^2 + (y1 - y15)^2)^(1/2)),                                                      0,                                                    0,                                                          0,                                                      0,   -(2*x1 - 2*x15)/(2*((x1 - x15)^2 + (y1 - y15)^2)^(1/2)), -(2*y1 - 2*y15)/(2*((x1 - x15)^2 + (y1 - y15)^2)^(1/2)),  0,  0,  0,  0;
                                                          0,                                                      0,                                                      0,                                                    0,     (2*x9 - 2*x15)/(2*((x9 - x15)^2 + (y9 - y15)^2)^(1/2)), (2*y9 - 2*y15)/(2*((x9 - x15)^2 + (y9 - y15)^2)^(1/2)),   -(2*x9 - 2*x15)/(2*((x9 - x15)^2 + (y9 - y15)^2)^(1/2)), -(2*y9 - 2*y15)/(2*((x9 - x15)^2 + (y9 - y15)^2)^(1/2)),  0,  0,  0,  0;
    -(y1 - y6)/((x1 - x6)^2*((y1 - y6)^2/(x1 - x6)^2 + 1)),            1/((x1 - x6)*((y1 - y6)^2/(x1 - x6)^2 + 1)),  (y1 - y6)/((x1 - x6)^2*((y1 - y6)^2/(x1 - x6)^2 + 1)),         -1/((x1 - x6)*((y1 - y6)^2/(x1 - x6)^2 + 1)),                                                          0,                                                      0,                                                         0,                                                       0, -1,  0,  0,  0;
 -(y1 - y15)/((x1 - x15)^2*((y1 - y15)^2/(x1 - x15)^2 + 1)),         1/((x1 - x15)*((y1 - y15)^2/(x1 - x15)^2 + 1)),                                                      0,                                                    0,                                                          0,                                                      0, (y1 - y15)/((x1 - x15)^2*((y1 - y15)^2/(x1 - x15)^2 + 1)),         -1/((x1 - x15)*((y1 - y15)^2/(x1 - x15)^2 + 1)), -1,  0,  0,  0;
     -(y1 - y6)/((x1 - x6)^2*((y1 - y6)^2/(x1 - x6)^2 + 1)),            1/((x1 - x6)*((y1 - y6)^2/(x1 - x6)^2 + 1)),  (y1 - y6)/((x1 - x6)^2*((y1 - y6)^2/(x1 - x6)^2 + 1)),         -1/((x1 - x6)*((y1 - y6)^2/(x1 - x6)^2 + 1)),                                                          0,                                                      0,                                                         0,                                                       0,  0, -1,  0,  0;
                                                          0,                                                      0, -(y6 - y9)/((x6 - x9)^2*((y6 - y9)^2/(x6 - x9)^2 + 1)),          1/((x6 - x9)*((y6 - y9)^2/(x6 - x9)^2 + 1)),      (y6 - y9)/((x6 - x9)^2*((y6 - y9)^2/(x6 - x9)^2 + 1)),           -1/((x6 - x9)*((y6 - y9)^2/(x6 - x9)^2 + 1)),                                                         0,                                                       0,  0, -1,  0,  0;
                                                          0,                                                      0,                                                      0,                                                    0, -(y9 - y15)/((x9 - x15)^2*((y9 - y15)^2/(x9 - x15)^2 + 1)),         1/((x9 - x15)*((y9 - y15)^2/(x9 - x15)^2 + 1)), (y9 - y15)/((x9 - x15)^2*((y9 - y15)^2/(x9 - x15)^2 + 1)),         -1/((x9 - x15)*((y9 - y15)^2/(x9 - x15)^2 + 1)),  0,  0, -1,  0;
     -(y1 - y9)/((x1 - x9)^2*((y1 - y9)^2/(x1 - x9)^2 + 1)),            1/((x1 - x9)*((y1 - y9)^2/(x1 - x9)^2 + 1)),                                                      0,                                                    0,      (y1 - y9)/((x1 - x9)^2*((y1 - y9)^2/(x1 - x9)^2 + 1)),           -1/((x1 - x9)*((y1 - y9)^2/(x1 - x9)^2 + 1)),                                                         0,                                                       0,  0,  0, -1,  0;
                                                          0,                                                      0, -(y6 - y9)/((x6 - x9)^2*((y6 - y9)^2/(x6 - x9)^2 + 1)),          1/((x6 - x9)*((y6 - y9)^2/(x6 - x9)^2 + 1)),      (y6 - y9)/((x6 - x9)^2*((y6 - y9)^2/(x6 - x9)^2 + 1)),           -1/((x6 - x9)*((y6 - y9)^2/(x6 - x9)^2 + 1)),                                                         0,                                                       0,  0,  0, -1,  0;
 -(y1 - y15)/((x1 - x15)^2*((y1 - y15)^2/(x1 - x15)^2 + 1)),         1/((x1 - x15)*((y1 - y15)^2/(x1 - x15)^2 + 1)),                                                      0,                                                    0,                                                          0,                                                      0, (y1 - y15)/((x1 - x15)^2*((y1 - y15)^2/(x1 - x15)^2 + 1)),         -1/((x1 - x15)*((y1 - y15)^2/(x1 - x15)^2 + 1)),  0,  0,  0, -1;
                                                          0,                                                      0,                                                      0,                                                    0, -(y9 - y15)/((x9 - x15)^2*((y9 - y15)^2/(x9 - x15)^2 + 1)),         1/((x9 - x15)*((y9 - y15)^2/(x9 - x15)^2 + 1)), (y9 - y15)/((x9 - x15)^2*((y9 - y15)^2/(x9 - x15)^2 + 1)),         -1/((x9 - x15)*((y9 - y15)^2/(x9 - x15)^2 + 1)),  0,  0,  0, -1];